
=== MOMENTUM SEQ default tf=1m N=5 1.5R long-only
                     n  per_day    wr    pf   net   avg     dd
period                                                        
2020-26          11706      6.8  41.2  0.99 -4506 -0.38  10105
2020-23           6836      6.7  41.2  0.99 -1345 -0.20   6222
2024              1788      7.0  41.4  0.97 -1433 -0.80   3134
2025              1755      7.0  40.5  1.00  -294 -0.17   4654
IS 24/09-26/01    2345      7.0  41.0  1.00   -77 -0.03   4654
OOS 26/01-26/09   1226      7.0  40.9  0.95 -3237 -2.64   6906

=== MOMENTUM SEQ default tf=5m N=5 1.5R long-only
                    n  per_day    wr    pf    net    avg    dd
period                                                        
2020-26          2427      1.8  44.5  1.15  21576   8.89  3609
2020-23          1394      1.8  44.3  1.16  11263   8.08  3609
2024              375      1.9  48.3  1.26   5032  13.42  2132
2025              379      1.8  42.2  1.14   3883  10.25  2295
IS 24/09-26/01    501      1.8  44.1  1.18   6084  12.14  2295
OOS 26/01-26/09   256      1.9  44.1  1.06   1605   6.27  3095

=== MOMENTUM SEQ default tf=15m N=5 1.5R long-only
                   n  per_day    wr    pf    net    avg    dd
period                                                       
2020-26          942      1.2  45.1  1.24  21867  23.21  4360
2020-23          548      1.2  46.2  1.27  11534  21.05  2251
2024             148      1.3  41.2  1.09   1246   8.42  2785
2025             146      1.2  42.5  1.06   1079   7.39  4360
IS 24/09-26/01   187      1.2  42.2  1.05   1024   5.47  4360
OOS 26/01-26/09   92      1.2  50.0  1.59   8128  88.34  2789

=== GRID top 15 by IS PF (min 100 IS trades)
 tf  N   R  side  full_n  full_pf  full_wr  is_n  is_pf  is_wr  is_net  oos_n  oos_pf  oos_wr  oos_net
 15  2 2.0     1    4355     1.10     35.7   757   1.29   35.8   16102    435    1.02    33.8     1031
 15  2 2.0     0    5139     1.01     34.1   868   1.27   36.8   18843    553    0.96    35.1    -2654
  3  5 2.0     1    3743     1.03     35.5   785   1.22   35.8   10087    351    1.00    32.8      170
 15  2 1.5     1    5247     1.06     42.8   955   1.21   43.1   12925    482    0.96    41.9    -1885
  5  5 2.0     1    2221     1.17     38.3   448   1.19   38.4    6627    244    1.16    38.5     4395
  5  3 2.0     1    6951     1.07     35.9  1246   1.18   35.2   13019    683    1.01    34.7      532
  5  5 1.5     1    2427     1.15     44.5   501   1.18   44.1    6084    256    1.06    44.1     1605
  3  5 1.5     1    4152     0.99     41.8   860   1.17   41.6    7495    390    0.95    40.3    -1931
  3  5 2.0     0    5478     1.05     35.5  1120   1.16   35.6   11099    535    1.07    36.6     4061
  5  5 1.0     1    2726     1.08     52.9   560   1.15   52.3    4748    285    1.03    53.3      671
 15  2 1.0     1    6638     1.04     51.6  1253   1.14   52.0    9392    601    0.95    50.2    -2550
  5  4 2.0     1    4066     1.07     35.2   781   1.13   35.2    6942    412    0.99    34.0     -392
  3  4 2.0     1    6568     1.03     35.4  1311   1.12   34.6    8510    609    1.03    34.3     1802
  5  3 1.5     1    8344     1.02     41.6  1557   1.12   40.6    9729    786    0.91    39.6    -5878
  3  5 1.5     0    6383     1.01     41.7  1304   1.10   41.6    7405    628    1.04    42.4     2202

configs: 192  full PF>1.1: 10  IS&OOS PF>1.2: 0
