5 configs 10800 pass both: 8
 tf      filt   sess  N    R  stop_k  be  max_bars  min_risk   n  per_day   wr    pf  net  is_wr  is_pf  oos_n  oos_wr  oos_pf  oos_net  min_year_pf                             yrs_pf
  5      up20 open2h  4 0.60     2.0 0.0         0      0.00 322     0.19 64.3 1.415 7672   64.6  1.441    141    63.8   1.390     3711          0.0 1.24 1.54 0.00 1.31 1.22 1.42 1.56
  5      up20 open2h  4 0.60     2.0 0.0         0      0.03 322     0.19 64.3 1.415 7672   64.6  1.441    141    63.8   1.390     3711          0.0 1.24 1.54 0.00 1.31 1.22 1.42 1.56
  5      up20 open2h  4 0.75     2.0 0.0         0      0.00 320     0.19 61.6 1.396 7754   62.2  1.427    140    60.7   1.366     3708          0.0 1.17 1.69 0.00 1.61 1.26 1.47 1.39
  5      up20 open2h  4 0.75     2.0 0.0         0      0.03 320     0.19 61.6 1.396 7754   62.2  1.427    140    60.7   1.366     3708          0.0 1.17 1.69 0.00 1.61 1.26 1.47 1.39
  5 up20_vwap open2h  4 0.60     2.0 0.0         0      0.00 291     0.17 64.6 1.404 6940   64.4  1.404    128    64.8   1.404     3557          0.0 1.29 1.41 0.00 1.29 1.23 1.57 1.43
  5 up20_vwap open2h  4 0.60     2.0 0.0         0      0.03 291     0.17 64.6 1.404 6940   64.4  1.404    128    64.8   1.404     3557          0.0 1.29 1.41 0.00 1.29 1.23 1.57 1.43
  5 up20_vwap open2h  4 0.75     2.0 0.0         0      0.00 289     0.17 61.6 1.370 6777   61.7  1.372    127    61.4   1.368     3469          0.0 1.15 1.57 0.00 1.57 1.27 1.62 1.26
  5 up20_vwap open2h  4 0.75     2.0 0.0         0      0.03 289     0.17 61.6 1.370 6777   61.7  1.372    127    61.4   1.368     3469          0.0 1.15 1.57 0.00 1.57 1.27 1.62 1.26

Top by min(IS_pf, OOS_pf) with WR>=60 both:
 tf      filt   sess  N    R  stop_k  be  max_bars  min_risk   n  per_day   wr    pf  net  is_wr  is_pf  oos_n  oos_wr  oos_pf  oos_net  min_year_pf                             yrs_pf   mpf
  5 up20_vwap open2h  4 0.60     2.0 0.0         0      0.03 291     0.17 64.6 1.404 6940   64.4  1.404    128    64.8   1.404     3557        0.000 1.29 1.41 0.00 1.29 1.23 1.57 1.43 1.404
  5 up20_vwap open2h  4 0.60     2.0 0.0         0      0.00 291     0.17 64.6 1.404 6940   64.4  1.404    128    64.8   1.404     3557        0.000 1.29 1.41 0.00 1.29 1.23 1.57 1.43 1.404
  5      up20 open2h  4 0.60     2.0 0.0         0      0.03 322     0.19 64.3 1.415 7672   64.6  1.441    141    63.8   1.390     3711        0.000 1.24 1.54 0.00 1.31 1.22 1.42 1.56 1.390
  5      up20 open2h  4 0.60     2.0 0.0         0      0.00 322     0.19 64.3 1.415 7672   64.6  1.441    141    63.8   1.390     3711        0.000 1.24 1.54 0.00 1.31 1.22 1.42 1.56 1.390
  5 up20_vwap open2h  4 0.75     2.0 0.0         0      0.03 289     0.17 61.6 1.370 6777   61.7  1.372    127    61.4   1.368     3469        0.000 1.15 1.57 0.00 1.57 1.27 1.62 1.26 1.368
  5 up20_vwap open2h  4 0.75     2.0 0.0         0      0.00 289     0.17 61.6 1.370 6777   61.7  1.372    127    61.4   1.368     3469        0.000 1.15 1.57 0.00 1.57 1.27 1.62 1.26 1.368
  5      up20 open2h  4 0.75     2.0 0.0         0      0.03 320     0.19 61.6 1.396 7754   62.2  1.427    140    60.7   1.366     3708        0.000 1.17 1.69 0.00 1.61 1.26 1.47 1.39 1.366
  5      up20 open2h  4 0.75     2.0 0.0         0      0.00 320     0.19 61.6 1.396 7754   62.2  1.427    140    60.7   1.366     3708        0.000 1.17 1.69 0.00 1.61 1.26 1.47 1.39 1.366
  5      up20 open2h  4 0.75     1.5 0.0         0      0.03 323     0.19 61.6 1.290 5538   62.4  1.292    142    60.6   1.287     2802        1.146 1.17 1.53 1.51 1.15 1.17 1.32 1.37 1.287
  5      up20 open2h  4 0.75     1.5 0.0         0      0.00 324     0.19 61.4 1.288 5522   62.1  1.290    142    60.6   1.287     2802        1.146 1.17 1.52 1.51 1.15 1.17 1.32 1.37 1.287
  5 up20_vwap open2h  4 0.50     2.0 0.0         0      0.00 293     0.17 65.2 1.271 4687   65.5  1.279    128    64.8   1.263     2317        0.000 1.26 1.62 0.00 1.15 1.08 1.40 1.33 1.263
  5 up20_vwap open2h  4 0.50     2.0 0.0         0      0.03 293     0.17 65.2 1.271 4687   65.5  1.279    128    64.8   1.263     2317        0.000 1.26 1.62 0.00 1.15 1.08 1.40 1.33 1.263
  5 up20_vwap open2h  4 0.50     2.0 0.5         0      0.00 293     0.17 65.2 1.271 4687   65.5  1.279    128    64.8   1.263     2317        0.000 1.26 1.62 0.00 1.15 1.08 1.40 1.33 1.263
  5 up20_vwap open2h  4 0.50     2.0 0.5         0      0.03 293     0.17 65.2 1.271 4687   65.5  1.279    128    64.8   1.263     2317        0.000 1.26 1.62 0.00 1.15 1.08 1.40 1.33 1.263
  5      up20 open2h  4 0.50     2.0 0.5         0      0.03 324     0.19 65.1 1.285 5286   66.1  1.316    141    63.8   1.255     2427        1.091 1.18 1.73 1.29 1.21 1.09 1.26 1.44 1.255
