15 configs 10800 pass both: 0
Empty DataFrame
Columns: [tf, filt, sess, N, R, stop_k, be, max_bars, min_risk, n, per_day, wr, pf, net, is_wr, is_pf, oos_n, oos_wr, oos_pf, oos_net, min_year_pf, yrs_pf]
Index: []

Top by min(IS_pf, OOS_pf) with WR>=60 both:
 tf      filt   sess  N   R  stop_k  be  max_bars  min_risk   n  per_day   wr    pf  net  is_wr  is_pf  oos_n  oos_wr  oos_pf  oos_net  min_year_pf                             yrs_pf   mpf
 15      up20     am  4 0.5     1.5 0.0        24      0.00 205     0.12 63.9 1.310 3932   66.7  1.281     85    60.0   1.340     2120        0.829 0.83 1.76 0.98 3.23 0.95 1.17 2.00 1.281
 15      up20     am  4 0.5     1.5 0.0        24      0.03 205     0.12 63.9 1.310 3932   66.7  1.281     85    60.0   1.340     2120        0.829 0.83 1.76 0.98 3.23 0.95 1.17 2.00 1.281
 15      up20     am  4 0.5     1.5 0.0         0      0.00 205     0.12 63.9 1.312 3954   66.7  1.281     85    60.0   1.344     2141        0.824 0.82 1.77 0.98 3.23 0.95 1.17 2.01 1.281
 15      up20     am  4 0.5     1.5 0.0         0      0.03 205     0.12 63.9 1.312 3954   66.7  1.281     85    60.0   1.344     2141        0.824 0.82 1.77 0.98 3.23 0.95 1.17 2.01 1.281
 15      up20     am  4 0.5     1.5 0.5        24      0.03 205     0.12 63.4 1.305 3868   65.8  1.271     85    60.0   1.340     2120        0.829 0.83 1.69 0.98 3.23 0.95 1.17 2.00 1.271
 15      up20     am  4 0.5     1.5 0.5        24      0.00 205     0.12 63.4 1.305 3868   65.8  1.271     85    60.0   1.340     2120        0.829 0.83 1.69 0.98 3.23 0.95 1.17 2.00 1.271
 15      up20     am  4 0.5     1.5 0.5         0      0.03 205     0.12 63.4 1.305 3874   65.8  1.268     85    60.0   1.344     2141        0.824 0.82 1.69 0.98 3.23 0.95 1.17 2.01 1.268
 15      up20     am  4 0.5     1.5 0.5         0      0.00 205     0.12 63.4 1.305 3874   65.8  1.268     85    60.0   1.344     2141        0.824 0.82 1.69 0.98 3.23 0.95 1.17 2.01 1.268
 15      up20     am  3 0.5     1.0 0.5        12      0.00 383     0.23 61.6 1.269 4267   61.2  1.241    156    62.2   1.298     2274        0.729 1.04 0.73 5.08 1.38 0.85 1.73 1.80 1.241
 15      up20     am  3 0.5     1.0 0.5        12      0.03 382     0.22 61.5 1.268 4262   61.1  1.241    156    62.2   1.298     2274        0.729 1.04 0.73 5.08 1.38 0.85 1.73 1.80 1.241
 15 up20_vwap open2h  3 0.5     1.0 0.5        12      0.03 238     0.14 62.6 1.253 2619   62.8  1.268    101    62.4   1.239     1252        0.774 0.77 0.83 3.71 2.58 1.04 1.67 1.26 1.239
 15 up20_vwap open2h  3 0.5     1.0 0.5        12      0.00 239     0.14 62.8 1.254 2624   63.0  1.269    101    62.4   1.239     1252        0.777 0.78 0.83 3.71 2.58 1.04 1.67 1.26 1.239
 15      up20     am  3 0.5     1.0 0.0        12      0.00 383     0.23 63.2 1.257 4225   62.6  1.229    156    64.1   1.288     2266        0.720 1.04 0.72 5.47 1.28 0.86 1.66 1.80 1.229
 15      up20     am  3 0.5     1.0 0.0        12      0.03 382     0.22 63.1 1.257 4219   62.4  1.228    156    64.1   1.288     2266        0.720 1.04 0.72 5.47 1.28 0.86 1.66 1.80 1.228
 15      up50 open2h  3 0.5     1.0 0.5        12      0.03 241     0.14 61.8 1.281 2983   63.2  1.224    116    60.3   1.329     1886        0.000 0.83 1.03 0.00 2.06 1.22 1.35 1.48 1.224
